,<nil>,Metastasis,Metastasis -- Proliferation,Proliferation
0.0,0.261601,0.260038,0.238807,0.239555
0.1,0.284359,0.279505,0.215544,0.220592
0.2,0.302517,0.29537,0.19756,0.204553
0.3,0.315981,0.312926,0.185054,0.186039
0.4,0.323805,0.329242,0.175502,0.171452
0.5,0.33404,0.342853,0.166172,0.156935
0.6,0.343171,0.353184,0.161394,0.142251
0.7,0.348565,0.364655,0.156764,0.130016
0.8,0.354938,0.373299,0.152637,0.119126
0.9,0.355618,0.386212,0.150194,0.107976
1.0,0.358572,0.39228,0.149141,0.100007
1.1,0.36339,0.393239,0.149696,0.093676
1.2,0.361909,0.398302,0.151329,0.08846
1.3,0.358882,0.400677,0.154874,0.085567
1.4,0.35526,0.401413,0.159163,0.084164
1.5,0.348925,0.405851,0.161989,0.083235
1.6,0.340914,0.408132,0.167293,0.08366
1.7,0.332196,0.410081,0.172455,0.085268
1.8,0.327565,0.405653,0.182908,0.083874
1.9,0.323128,0.403408,0.191267,0.082196
2.0,0.318315,0.400893,0.198814,0.081978
2.1,0.315595,0.395722,0.207514,0.081168
2.2,0.307905,0.393039,0.217297,0.08176
2.3,0.301495,0.388566,0.226268,0.083671
2.4,0.294798,0.384478,0.23464,0.086085
2.5,0.286163,0.3792,0.246349,0.088289
2.6,0.280875,0.373893,0.25634,0.088891
2.7,0.272818,0.368322,0.267958,0.090902
2.8,0.264378,0.365632,0.277101,0.092889
2.9,0.256197,0.359298,0.288417,0.096088
3.0,0.247899,0.350298,0.302208,0.099595
3.1,0.239512,0.340942,0.314942,0.104604
3.2,0.232024,0.335461,0.324336,0.108179
3.3,0.227427,0.329213,0.334452,0.108909
3.4,0.219676,0.323933,0.344239,0.112152
3.5,0.212353,0.315929,0.355335,0.116383
3.6,0.20673,0.306654,0.366071,0.120544
3.7,0.200821,0.29801,0.376338,0.12483
3.8,0.196155,0.290731,0.385318,0.127796
3.9,0.190349,0.282751,0.395627,0.131273
4.0,0.183941,0.275861,0.404964,0.135234
4.1,0.177365,0.269176,0.414527,0.138932
4.2,0.169282,0.26409,0.423475,0.143152
4.3,0.163413,0.258977,0.43152,0.14609
4.4,0.158261,0.254943,0.439982,0.146814
4.5,0.154341,0.248144,0.448671,0.148844
4.6,0.150959,0.240926,0.457695,0.15042
4.7,0.148618,0.235126,0.465473,0.150783
4.8,0.145272,0.22999,0.472547,0.152191
4.9,0.142765,0.226542,0.476896,0.153797
5.0,0.139847,0.222757,0.482253,0.155144
5.1,0.136967,0.219593,0.487731,0.155709
5.2,0.134811,0.215608,0.492945,0.156635
5.3,0.13272,0.213056,0.497157,0.157068
5.4,0.130659,0.210765,0.500875,0.157701
5.5,0.128452,0.206922,0.506763,0.157863
5.6,0.126357,0.202344,0.512088,0.159211
5.7,0.124535,0.19779,0.517585,0.16009
5.8,0.123224,0.195223,0.520998,0.160555
5.9,0.121468,0.194136,0.523822,0.160574
6.0,0.119169,0.192126,0.527041,0.161665
6.1,0.117655,0.188773,0.530637,0.162934
6.2,0.11537,0.186423,0.533483,0.164724
6.3,0.1142,0.184774,0.535696,0.16533
6.4,0.112116,0.183093,0.538119,0.166671
6.5,0.110392,0.182342,0.539755,0.167511
6.6,0.109423,0.180122,0.542553,0.167901
6.7,0.108676,0.177764,0.544967,0.168592
6.8,0.10761,0.176103,0.546879,0.169408
6.9,0.1065,0.174035,0.549173,0.170293
7.0,0.105969,0.172573,0.551045,0.170414
7.1,0.104462,0.171109,0.553089,0.171341
7.2,0.104154,0.169683,0.554262,0.171901
7.3,0.103338,0.167604,0.556519,0.172538
7.4,0.102626,0.16548,0.558838,0.173056
7.5,0.101468,0.164497,0.5601,0.173935
7.6,0.099897,0.16434,0.56061,0.175153
7.7,0.098656,0.163795,0.5612,0.176349
7.8,0.097926,0.163851,0.561316,0.176906
7.9,0.096656,0.163483,0.561917,0.177944
8.0,0.096206,0.163282,0.561952,0.17856
8.1,0.096303,0.163294,0.562091,0.178311
8.2,0.096126,0.162188,0.56307,0.178617
8.3,0.095311,0.161786,0.563372,0.179531
8.4,0.095127,0.161468,0.563532,0.179873
8.5,0.094849,0.160883,0.564082,0.180186
8.6,0.094564,0.160848,0.563952,0.180636
8.7,0.093565,0.160709,0.564254,0.181471
8.8,0.092953,0.160297,0.564688,0.182063
8.9,0.092602,0.159575,0.565112,0.18271
9.0,0.092294,0.159494,0.565437,0.182775
9.1,0.091971,0.159618,0.565874,0.182536
9.2,0.091368,0.159642,0.56635,0.18264
9.3,0.090776,0.159508,0.566389,0.183327
9.4,0.090283,0.1592,0.566651,0.183866
9.5,0.089735,0.159101,0.56694,0.184223
9.6,0.089477,0.158834,0.56729,0.1844
9.7,0.089303,0.158852,0.567348,0.184497
9.8,0.089072,0.158673,0.567342,0.184913
9.9,0.089163,0.158698,0.567139,0.185
10.0,0.0892,0.158433,0.5674,0.184967
10.1,0.089126,0.158453,0.567533,0.184887
10.2,0.088932,0.158227,0.56741,0.185431
10.3,0.088623,0.158689,0.566888,0.1858
10.4,0.088714,0.158069,0.567357,0.18586
10.5,0.088578,0.157482,0.568118,0.185822
10.6,0.0884,0.157,0.568833,0.185767
10.7,0.088467,0.157001,0.568999,0.185533
10.8,0.0884,0.15714,0.56886,0.1856
10.9,0.0884,0.157388,0.568612,0.1856
11.0,0.08825,0.157344,0.568656,0.18575
11.1,0.0882,0.157661,0.568339,0.1858
11.2,0.0882,0.1576,0.568287,0.185913
11.3,0.088,0.157439,0.568361,0.1862
11.4,0.088131,0.157357,0.568443,0.186069
11.5,0.088145,0.156941,0.568796,0.186118
11.6,0.088248,0.156886,0.568666,0.1862
11.7,0.08856,0.1568,0.568756,0.185885
11.8,0.088442,0.156833,0.568767,0.185958
11.9,0.0884,0.157128,0.568472,0.186
12.0,0.0884,0.1572,0.5684,0.186
12.1,0.0884,0.157079,0.568521,0.186
12.2,0.088391,0.1568,0.56878,0.18603
12.3,0.088305,0.1568,0.5686,0.186295
12.4,0.0884,0.156641,0.568759,0.1862
12.5,0.088341,0.156549,0.56891,0.1862
12.6,0.0882,0.157,0.5686,0.1862
12.7,0.0882,0.156729,0.568871,0.1862
12.8,0.088219,0.156391,0.56919,0.1862
12.9,0.088336,0.156264,0.5692,0.1862
13.0,0.0882,0.1564,0.5692,0.1862
13.1,0.0882,0.1564,0.5692,0.1862
13.2,0.0882,0.1564,0.5692,0.1862
13.3,0.0882,0.156596,0.569162,0.186042
13.4,0.0882,0.1566,0.5692,0.186
13.5,0.0882,0.156727,0.569073,0.186
13.6,0.088267,0.156747,0.569,0.185986
13.7,0.088731,0.156469,0.569,0.1858
13.8,0.089091,0.156109,0.569,0.1858
13.9,0.0892,0.156,0.569,0.1858
14.0,0.0892,0.156,0.569,0.1858
14.1,0.089305,0.156,0.569,0.185695
14.2,0.0892,0.156,0.569,0.1858
14.3,0.0892,0.156171,0.568829,0.1858
14.4,0.0892,0.1562,0.5688,0.1858
14.5,0.08903,0.1562,0.5688,0.18597
14.6,0.089,0.156,0.569,0.186
14.7,0.089,0.156119,0.568881,0.186
14.8,0.089,0.1562,0.5688,0.186
14.9,0.089191,0.156009,0.5688,0.186
15.0,0.0892,0.156,0.5688,0.186
15.1,0.0892,0.156,0.5688,0.186
15.2,0.0892,0.156,0.5688,0.186
15.3,0.0892,0.156026,0.568774,0.186
15.4,0.0892,0.1562,0.5686,0.186
15.5,0.0892,0.1562,0.5686,0.186
15.6,0.0892,0.1562,0.5686,0.186
15.7,0.089337,0.156063,0.5686,0.186
15.8,0.0894,0.156,0.5686,0.186
15.9,0.0894,0.156,0.5686,0.186
16.0,0.0894,0.156147,0.568453,0.186
16.1,0.0894,0.156304,0.568296,0.186
16.2,0.0894,0.1564,0.5682,0.186
16.3,0.0894,0.1564,0.5682,0.186
16.4,0.0894,0.1564,0.5682,0.186
16.5,0.0894,0.1564,0.5682,0.186
16.6,0.0894,0.1564,0.5682,0.186
16.7,0.089204,0.1564,0.5682,0.186196
16.8,0.0892,0.1564,0.5682,0.1862
16.9,0.0892,0.1564,0.5682,0.1862
17.0,0.0892,0.1564,0.5682,0.1862
17.1,0.0892,0.156462,0.568138,0.1862
17.2,0.0892,0.1566,0.568,0.1862
17.3,0.0892,0.1566,0.568,0.1862
17.4,0.0892,0.1566,0.568,0.1862
17.5,0.0892,0.1566,0.568,0.1862
17.6,0.0892,0.1566,0.568,0.1862
17.7,0.0892,0.156679,0.567921,0.1862
17.8,0.0892,0.156979,0.567457,0.186364
17.9,0.0892,0.157,0.5674,0.1864
18.0,0.0892,0.157,0.5674,0.1864
18.1,0.0892,0.157,0.5674,0.1864
18.2,0.0892,0.157163,0.567237,0.1864
18.3,0.0892,0.15721,0.56719,0.1864
18.4,0.089221,0.1574,0.567,0.186379
18.5,0.089524,0.157276,0.567,0.1862
18.6,0.0896,0.1572,0.567,0.1862
18.7,0.0896,0.157348,0.566852,0.1862
18.8,0.0896,0.1574,0.5668,0.1862
18.9,0.089746,0.157422,0.566631,0.1862
19.0,0.0898,0.1574,0.5666,0.1862
19.1,0.0898,0.1574,0.5666,0.1862
19.2,0.0898,0.1574,0.5666,0.1862
19.3,0.0898,0.1574,0.5666,0.1862
19.4,0.0898,0.1574,0.5666,0.1862
19.5,0.0898,0.157595,0.566405,0.1862
19.6,0.0898,0.157764,0.566236,0.1862
19.7,0.0898,0.1578,0.5662,0.1862
19.8,0.0898,0.157815,0.566185,0.1862
19.9,0.0898,0.158,0.566,0.1862
20.0,0.0898,0.158,0.565863,0.186337
20.1,0.0898,0.158,0.5658,0.1864
20.2,0.0898,0.158,0.5658,0.1864
20.3,0.090112,0.157775,0.5658,0.186313
20.4,0.090498,0.157502,0.5658,0.1862
20.5,0.0906,0.1574,0.5658,0.1862
20.6,0.0906,0.157582,0.565618,0.1862
20.7,0.090688,0.157512,0.5656,0.1862
20.8,0.090801,0.1574,0.5656,0.186199
20.9,0.091,0.1574,0.5656,0.186
21.0,0.091,0.1574,0.5656,0.186
21.1,0.091,0.1574,0.5656,0.186
21.2,0.091,0.1574,0.565548,0.186052
21.3,0.09103,0.1574,0.5654,0.18617
21.4,0.091237,0.157568,0.565232,0.185963
21.5,0.0914,0.1576,0.5652,0.1858
21.6,0.0914,0.1576,0.5652,0.1858
21.7,0.0914,0.1576,0.5652,0.1858
21.8,0.0914,0.1576,0.5652,0.1858
21.9,0.091472,0.157528,0.5652,0.1858
22.0,0.0916,0.1574,0.5652,0.1858
22.1,0.0916,0.157414,0.565186,0.1858
22.2,0.091605,0.157595,0.565,0.1858
22.3,0.0918,0.1574,0.565,0.1858
22.4,0.0918,0.1574,0.565,0.1858
22.5,0.09186,0.15734,0.565,0.1858
22.6,0.092,0.1572,0.565,0.1858
22.7,0.092,0.1572,0.565,0.1858
22.8,0.092,0.1572,0.565,0.1858
22.9,0.092,0.1572,0.565,0.1858
23.0,0.092,0.157246,0.564954,0.1858
23.1,0.092,0.157438,0.564762,0.1858
23.2,0.092,0.1576,0.5646,0.1858
23.3,0.092,0.1576,0.5646,0.1858
23.4,0.092,0.1576,0.5646,0.1858
23.5,0.091842,0.1576,0.5646,0.185958
23.6,0.0918,0.1576,0.5646,0.186
23.7,0.0918,0.157723,0.564477,0.186
23.8,0.0918,0.1578,0.5644,0.186
23.9,0.0918,0.1578,0.5644,0.186
24.0,0.0918,0.1578,0.5644,0.186
24.1,0.0918,0.1578,0.5644,0.186
24.2,0.0918,0.1578,0.5644,0.186
24.3,0.0918,0.1578,0.5644,0.186
24.4,0.0918,0.1578,0.5644,0.186
24.5,0.0918,0.1578,0.5644,0.186
24.6,0.0918,0.1578,0.5644,0.186
24.7,0.0918,0.1578,0.5644,0.186
24.8,0.0918,0.1578,0.5644,0.186
24.9,0.0918,0.1578,0.5644,0.186
25.0,0.0918,0.1578,0.5644,0.186
25.1,0.0918,0.1578,0.5644,0.186
25.2,0.09183,0.15777,0.5644,0.186
25.3,0.092,0.1576,0.5644,0.186
25.4,0.092,0.157696,0.564304,0.186
25.5,0.092,0.1578,0.5642,0.186
25.6,0.092,0.15795,0.56405,0.186
25.7,0.092079,0.158012,0.56391,0.186
25.8,0.0922,0.158,0.5638,0.186
25.9,0.092257,0.158015,0.563727,0.186
26.0,0.092329,0.158,0.563333,0.186338
26.1,0.0922,0.158,0.5632,0.1866
26.2,0.092331,0.1579,0.563169,0.1866
26.3,0.092496,0.158,0.563,0.186504
26.4,0.0926,0.158,0.563,0.1864
26.5,0.0926,0.158,0.563,0.1864
26.6,0.0926,0.15817,0.56283,0.1864
26.7,0.0926,0.158306,0.562694,0.1864
26.8,0.0926,0.158552,0.562448,0.1864
26.9,0.092784,0.1586,0.5624,0.186216
27.0,0.0928,0.1586,0.5624,0.1862
27.1,0.0928,0.158715,0.562285,0.1862
27.2,0.0928,0.1588,0.5622,0.1862
27.3,0.0928,0.1588,0.5622,0.1862
27.4,0.0928,0.158903,0.562097,0.1862
27.5,0.0928,0.159,0.562,0.1862
27.6,0.0928,0.159,0.562,0.1862
27.7,0.0928,0.159,0.562,0.1862
27.8,0.092989,0.158811,0.562,0.1862
27.9,0.093,0.1588,0.562,0.1862
28.0,0.093138,0.1588,0.562,0.186062
28.1,0.0932,0.1588,0.562,0.186
28.2,0.0932,0.1588,0.562,0.186
28.3,0.0932,0.159108,0.561692,0.186
28.4,0.0932,0.1592,0.5616,0.186
28.5,0.0932,0.1592,0.5616,0.186
28.6,0.0932,0.1592,0.5616,0.186
28.7,0.0932,0.159333,0.561467,0.186
28.8,0.0932,0.1598,0.561,0.186
28.9,0.0932,0.1598,0.561,0.186
29.0,0.093233,0.159767,0.561,0.186
29.1,0.0934,0.159626,0.560974,0.186
29.2,0.0934,0.1598,0.560754,0.186046
29.3,0.0934,0.159632,0.560768,0.1862
29.4,0.0934,0.1596,0.5608,0.1862
29.5,0.093548,0.1596,0.5608,0.186052
29.6,0.0938,0.1596,0.5608,0.1858
29.7,0.0938,0.1596,0.5608,0.1858
29.8,0.0938,0.1596,0.5608,0.1858
